# Created by Octave 8.2.0, Thu Dec 21 11:37:26 2023 GMT <unknown@CIM-IN-7Y119K3>
# name: ndataseq01060216
# type: matrix
# rows: 1000
# columns: 5
 1 1 1 5341.5424056546599 6444.7398468797201
 1 2 1 4899.8769760372898 5423.7644460745696
 1 3 1 6167.2688785155497 4260.3259567663299
 1 4 1 5221.9953272100902 4176.5725175381704
 1 5 1 5989.5905365810404 4425.4105987411804
 1 6 1 7025.4067409237095 4404.2214471488096
 1 7 1 5256.6640669735198 5638.76298370517
 1 8 1 6643.5387480703303 4349.4696635711098
 1 9 1 4824.7498272189796 5822.9078188432104
 1 10 1 5488.4329786339003 7253.3376856404902
 1 11 1 4499.9177004969697 5180.9991202906604
 1 12 1 5779.3462117129702 4965.6067667531897
 1 13 1 6998.72603923303 4836.0783426150902
 1 14 1 5786.0653406970696 5541.5564877261804
 1 15 1 6529.6514723709797 4510.2862654252103
 1 16 1 7002.6058036980103 4222.55749442874
 1 17 1 6575.0741451493404 5575.4130268413301
 1 18 1 6301.3085594068898 6401.05361210306
 1 19 1 5589.6274541066296 4917.0599995912398
 1 20 1 5745.3459344622597 5476.3604426554703
 1 21 1 6489.7086856626602 6460.1164499053502
 1 22 1 5166.3160426106297 5499.3216066320801
 1 23 1 6058.71109083997 4125.98578701934
 1 24 1 6137.33521955371 5885.98777199291
 1 25 1 6923.3559830733902 6604.3987236059302
 1 26 1 5119.38990755739 4408.4377711341303
 1 27 1 6614.4980809409299 5590.14958750187
 1 28 1 6765.4066594730702 4216.6200008764299
 1 29 1 4381.3376944138599 4818.7644677380304
 1 30 1 6429.4189487661197 6047.19984789919
 1 31 1 4876.1249634384003 4786.1362056089802
 1 32 1 6805.5829331454997 5569.8227609291698
 1 33 1 6764.7176388582702 4977.9213161880798
 1 34 1 5360.9308712993898 5728.8428266033397
 1 35 1 5612.3024298069404 7147.0028133311298
 1 36 1 5399.4582789618098 4886.9293285439999
 1 37 1 6137.4804982356 4510.8673846561296
 1 38 1 6547.4149828165 4475.2276376567197
 1 39 1 5930.3606844568803 6277.6231249742796
 1 40 1 7417.4215917143601 4152.80574830977
 1 41 1 6794.23178174638 4120.6689190738198
 1 42 1 4955.5393950591097 5966.8755690869402
 1 43 1 5243.7928957479699 4844.7560621635603
 1 44 1 7041.9897056127602 5245.9422599524996
 1 45 1 6087.9094995599798 4972.3925693273404
 1 46 1 6987.7446028427203 5627.9346594366898
 1 47 1 5663.7314330519102 4445.0602166913704
 1 48 1 6421.8952081972802 4815.0421983507604
 1 49 1 5952.8476284660901 5103.6819587316104
 1 50 1 6644.5090973058104 4514.97160449283
 1 51 1 6735.9587751379104 4266.0420385185398
 1 52 1 5860.2254842401098 6616.2525722690298
 1 53 1 6290.4334685853601 5226.8577219208501
 1 54 1 5483.4181798181799 4495.0082127328897
 1 55 1 5869.7553111171401 4354.6912466582799
 1 56 1 7144.6988115490003 4522.5063639211303
 1 57 1 5975.7804678400998 5455.9784473624804
 1 58 1 6566.4011283556101 6394.4946659127399
 1 59 1 5964.6288053650496 4586.0083931714798
 1 60 1 6720.0178639019896 5654.3327827795802
 1 61 1 5724.1177491214103 4068.9818085688598
 1 62 1 5249.6856386608597 5217.7672480464898
 1 63 1 5645.7365573507004 4395.2336062030599
 1 64 1 7229.3171569157803 5346.0700725162797
 1 65 1 5579.9337343390398 5798.30315973906
 1 66 1 7827.6921019199499 4334.0436877301599
 1 67 1 4780.2334418726596 4451.1176650899897
 1 68 1 6172.3894531992601 4256.87236339848
 1 69 1 6156.1124793439603 6164.4896157458197
 1 70 1 6021.7162995352401 5969.2754649997596
 1 71 1 7454.0362642895998 5331.70963261615
 1 72 1 4139.2876485758097 4457.4372455448702
 1 73 1 6259.5668613745602 5793.9388906639097
 1 74 1 5722.2466112953498 5968.8447481126605
 1 75 1 4678.5746205038604 5568.0503929268598
 1 76 1 7114.4533252936899 4854.6968025947899
 1 77 1 5690.44873566152 5482.0266377420303
 1 78 1 5469.2428705373704 4170.9180202460702
 1 79 1 5795.1266869157498 5161.7459929181096
 1 80 1 4522.0420777133204 4147.35629557629
 1 81 1 7864.6357219681404 4671.16772658433
 1 82 1 4369.6606816789799 4598.3729655757397
 1 83 1 6742.8958902349596 6729.9638011545103
 1 84 1 6393.5437600366204 5088.6344161771503
 1 85 1 4240.4764583906499 5355.8349484939299
 1 86 1 5708.8185809427696 5383.7994560894904
 1 87 1 5761.4809915165797 5386.5188149372298
 1 88 1 5480.4396560100104 6122.4911562705202
 1 89 1 6838.7399177842199 4000.8520423834698
 1 90 1 6023.6126424610702 4516.6782773475597
 1 91 1 5221.5498061296003 5240.3225422648602
 1 92 1 6140.1158268266499 4271.7181812520303
 1 93 1 7039.4922849832701 5160.19402159327
 1 94 1 7327.43827151395 5291.5742873673698
 1 95 1 5715.8412921368699 4494.5043594021099
 1 96 1 5101.07775459404 5323.5442078553497
 1 97 1 5182.9713864366504 4433.0257564870599
 1 98 1 6803.0871669714797 4372.6408237056703
 1 99 1 5701.5954841668299 5768.4978000774199
 1 100 1 5949.7305378946403 6634.3191613306499
 1 101 1 5738.7147243945901 4648.6326034302301
 1 102 1 5985.3231760333501 5365.8001497739997
 1 103 1 5928.6958432144202 5082.1834987489801
 1 104 1 5849.9401220829805 5973.3438766526397
 1 105 1 5553.0218386361903 6434.9676865889396
 1 106 1 6309.4108535228897 5463.8709693172696
 1 107 1 6211.0627934288204 5260.5139879089402
 1 108 1 5821.6656843029004 4358.0106186953599
 1 109 1 4588.5866233011702 5928.03389028727
 1 110 1 5833.1946573657497 4483.3570861324497
 1 111 1 6089.7786629155798 6514.2456509357899
 1 112 1 4874.1046521725902 4725.1219336939203
 1 113 1 5805.4646364742903 4910.4442591851503
 1 114 1 6841.6817255604401 4875.9930074535096
 1 115 1 6868.8744130695204 4027.7720426472401
 1 116 1 6181.6927249542196 5245.3055188235703
 1 117 1 6431.5934557082001 4691.4373634098602
 1 118 1 6087.6497232175898 5599.8469948352904
 1 119 1 4037.1632305733401 4081.7868254270402
 1 120 1 7448.3916304902996 4011.5214818428599
 1 121 1 5711.3238847522098 5791.7451878616903
 1 122 1 4273.2818621205297 5066.53946513139
 1 123 1 6670.7088863687604 5747.2366508080804
 1 124 1 6816.5833006563098 5596.6656461677603
 1 125 1 5730.8026259715998 5592.7463672055201
 1 126 1 7250.5605143966905 4507.0523966654901
 1 127 1 6965.6555463988998 5203.1628548591198
 1 128 1 6927.5440211351697 5065.79544835056
 1 129 1 6828.5753246347003 4177.0791790027597
 1 130 1 5741.6904736855704 4148.6704260342103
 1 131 1 5082.9424364186598 6900.3958967211202
 1 132 1 5918.6419708656904 4872.3999630169801
 1 133 1 5619.05191495696 5034.2331724720598
 1 134 1 5753.3355479065403 4019.02025813
 1 135 1 5756.7637073739998 5712.0203055660904
 1 136 1 5111.4648200621596 5459.38174781202
 1 137 1 6253.2038077644002 4834.4510668249104
 1 138 1 6887.8627593544397 4785.9356247693804
 1 139 1 5055.4368663843297 7427.9991309895204
 1 140 1 5955.9729830425504 5538.4935892594103
 1 141 1 5187.5205527400003 4704.8429757324102
 1 142 1 5729.8771616546601 5218.93702841711
 1 143 1 6823.6538995395604 5967.4803641794697
 1 144 1 6368.6316365214798 5731.3153345888604
 1 145 1 6510.91662397445 7072.83323978717
 1 146 1 5666.3837473939602 4005.4766803812199
 1 147 1 6517.0814642020096 6445.7153464515104
 1 148 1 5064.9393254836295 4134.7181882222003
 1 149 1 5710.32067030691 6521.7746642853799
 1 150 1 6402.60599646019 5506.6421385392196
 1 151 1 6144.2726265326 4653.3343022626004
 1 152 1 5884.3025869169796 6097.7829391356599
 1 153 1 5704.0755097300098 5272.9630479322896
 1 154 1 6234.1085532773304 7007.9438453406701
 1 155 1 5574.3869101236296 4369.7918485976097
 1 156 1 5304.5230496334098 4236.1632654320001
 1 157 1 5458.5388172295297 5087.8152928607096
 1 158 1 6282.34291845602 5688.9922781278101
 1 159 1 6812.75126086811 6275.1041217013399
 1 160 1 7066.3023080066396 4550.5954066590602
 1 161 1 5385.4613363591197 5930.7396588818001
 1 162 1 4934.0216284994003 5189.2617335820996
 1 163 1 5017.0401614102602 5064.5143861092301
 1 164 1 5751.5480724963099 6007.2384606715004
 1 165 1 5902.0768473682901 4913.0166167465304
 1 166 1 6738.5019329177803 4381.2804708436797
 1 167 1 6394.7771865185996 4425.3538276321597
 1 168 1 6920.5269328134 4573.7511061707601
 1 169 1 5735.7653652314602 6399.4590991627701
 1 170 1 7006.0846818769896 4999.2727137786496
 1 171 1 4970.6316031001197 4610.5300096372503
 1 172 1 5891.2292870687897 5846.6632312313604
 1 173 1 4672.6749924464903 4643.7327071618001
 1 174 1 7566.7318084951703 5646.3566668078402
 1 175 1 6993.4363236945301 4625.0123061798804
 1 176 1 5492.3079819804998 4837.4759983397098
 1 177 1 6868.2004430266898 5960.7968596997098
 1 178 1 6115.1509783137199 5155.6791538340403
 1 179 1 7470.3798230730399 7466.7390151809695
 1 180 1 5872.1289196849602 4921.4573824284298
 1 181 1 6678.6234166373197 4887.2953386347399
 1 182 1 5868.2836591027799 5105.9653621837097
 1 183 1 5813.7428825490997 4128.3962692454397
 1 184 1 5603.0780022851804 4681.5190254269901
 1 185 1 5085.0379536300497 4519.1788323999399
 1 186 1 6519.68204518948 6505.9955015116202
 1 187 1 4149.5712777119397 5444.8036425755399
 1 188 1 6469.1885748689701 4060.1412630521199
 1 189 1 4895.3709918378499 4509.0614313455799
 1 190 1 7034.2811005670301 6314.2417203278201
 1 191 1 5759.8965814266403 5197.6991498474699
 1 192 1 5956.5781795787198 5892.5513448862503
 1 193 1 6211.9080999653297 5097.6578251902301
 1 194 1 6292.62682386897 5005.8995597670701
 1 195 1 5456.0553912945197 4359.6884267735004
 1 196 1 6199.49272786039 5855.0355458546301
 1 197 1 5427.0681369955701 6098.80732548175
 1 198 1 6684.6232428236299 5975.8031918308798
 1 199 1 5118.0947968283399 4821.1673115433096
 1 200 1 7569.9083873483496 6246.9810327359301
 1 201 1 5256.4355885285604 4341.0976568937003
 1 202 1 6858.4298484751498 4118.2356010497897
 1 203 1 5484.6035432068802 5428.8511771326603
 1 204 1 6898.8164679868296 5053.0093052331003
 1 205 1 6618.7982247227001 5776.2334313524898
 1 206 1 5212.2477807110099 4816.9303579417301
 1 207 1 6065.7824302834897 4246.1038176005304
 1 208 1 4248.8964055914803 5354.5880988906301
 1 209 1 5609.9035428215602 6397.16466762461
 1 210 1 7824.6409129281901 4802.0705763793303
 1 211 1 6383.0371147762098 5615.95798242211
 1 212 1 6183.3817500055302 4698.2740610257997
 1 213 1 6390.1948289081902 4321.95398576155
 1 214 1 4736.0303442742597 5704.5616413204698
 1 215 1 5999.5513004373497 4656.9022764578003
 1 216 1 7207.2149001472699 4040.7860596967598
 1 217 1 5540.3282769065399 5556.0711683508198
 1 218 1 5348.6628221699802 4713.0736858754399
 1 219 1 4454.6513520219496 4716.9482000177604
 1 220 1 6002.0118768495004 4003.94120947703
 1 221 1 6181.8354185430098 6942.5627279465698
 1 222 1 6427.0996569094204 6661.9670458403498
 1 223 1 6020.0933390618302 5378.1888575476796
 1 224 1 6893.6515001287798 6115.6011966718897
 1 225 1 7327.8932994647002 4649.1446034295304
 1 226 1 7033.5080939073996 5333.2891670665203
 1 227 1 6892.9413755446003 4702.8328892073096
 1 228 1 4930.6023981155604 4663.4727156112203
 1 229 1 5792.2376328406699 5451.5251939196296
 1 230 1 4942.1863166265102 4993.9409121915296
 1 231 1 6442.3587231076599 5140.8773788578201
 1 232 1 5497.8989339604104 4907.8170199104798
 1 233 1 4796.6539252544999 4202.1715328887103
 1 234 1 6967.7154794596099 6614.1202451107301
 1 235 1 6065.3963920938204 5280.7836784286601
 1 236 1 5915.4895496893296 6200.0800450243496
 1 237 1 5807.6301981782799 5217.6710874114196
 1 238 1 6017.5791111909202 5865.0179068745201
 1 239 1 5879.7713376971096 6023.7131509865003
 1 240 1 6396.7165788791799 5949.0629478429701
 1 241 1 5311.7482186242796 5517.2711691843397
 1 242 1 5453.1793455263496 5891.7267293811301
 1 243 1 7781.3868668766499 4399.6891293397703
 1 244 1 5880.2927214785504 5503.0597581128904
 1 245 1 6041.3638626338197 6761.0980220900901
 1 246 1 5807.22766990112 7282.61694595063
 1 247 1 4947.15439523634 6123.0719876466101
 1 248 1 5970.2930419952099 5003.7387658941398
 1 249 1 6265.5240895138504 4756.7562696805198
 1 250 1 6086.5359724684604 5403.82646395148
 1 251 1 5903.9178523647597 4503.50760249223
 1 252 1 5940.7202158626596 5620.0935156200003
 1 253 1 6460.2132615436203 5989.9486054962799
 1 254 1 5590.3365502861298 4530.6186052659496
 1 255 1 5914.7970436338501 4675.0126718868296
 1 256 1 5436.6220952783997 4494.6471301329902
 1 257 1 6668.2892396232901 6029.3529483396696
 1 258 1 6090.3945958141003 4353.5042018599297
 1 259 1 5659.1179315190102 6482.2925925748305
 1 260 1 5811.4017310339796 6393.3056476729198
 1 261 1 6620.4956672683502 4810.1828753933096
 1 262 1 7231.4344657934398 4537.82612016847
 1 263 1 7121.9858082185601 5545.2191374846898
 1 264 1 6071.8350984308099 5355.5992797955696
 1 265 1 6472.6307172358802 4445.4609634552999
 1 266 1 6084.1085895419101 4323.2445829573999
 1 267 1 5303.4273695436495 4761.2406683490999
 1 268 1 6037.1664632880102 5988.6428911066196
 1 269 1 5824.6964472531999 6252.4057222016099
 1 270 1 5117.0728494044297 4487.6987193729401
 1 271 1 7731.4908566604299 7774.7535778372203
 1 272 1 5963.8458495568602 4425.7740617082
 1 273 1 6026.0813356186 4669.7822032016002
 1 274 1 5493.5975166315502 6944.31949628232
 1 275 1 5058.1535799574103 5074.4969437125301
 1 276 1 5573.8005844416803 4644.6587103217998
 1 277 1 5630.1825504289 5169.2309565876603
 1 278 1 5649.7203254019896 4763.1182315354599
 1 279 1 5765.23069097394 6866.03937054985
 1 280 1 7520.9155364359103 4998.9411196811398
 1 281 1 6365.3981801295504 5613.1633244333398
 1 282 1 6209.2932796718196 4668.2574588442003
 1 283 1 6094.12559211609 4511.4615195549404
 1 284 1 7496.5190841488102 5824.3387918449998
 1 285 1 5367.30255763069 5265.5304400117902
 1 286 1 7299.2243243951898 5199.9732797896104
 1 287 1 5399.6465008776604 5424.0336558803201
 1 288 1 7332.1344826533696 4399.7365240627396
 1 289 1 6269.8746695698301 4343.7842421077503
 1 290 1 6953.3956872233703 5924.1294695403503
 1 291 1 6216.6119693237897 4508.2180591454598
 1 292 1 5812.0272356391697 5955.7533026015599
 1 293 1 6885.5959128036202 5618.0370327133396
 1 294 1 5870.3729201356 5244.8728590685096
 1 295 1 5382.94300419712 4573.2446527316697
 1 296 1 4618.2360467533599 5028.5900302382597
 1 297 1 6540.68126411504 6304.78978633099
 1 298 1 5756.1243836735603 4825.40309662651
 1 299 1 6359.6056324319597 4683.8737660831803
 1 300 1 5773.0535684388296 5952.2783845141303
 1 301 1 6737.4464626878198 4657.7546454924604
 1 302 1 6972.1517508992902 4045.5209433536102
 1 303 1 7829.7796722466901 6008.5814689527197
 1 304 1 7713.90542733455 4891.2437032258904
 1 305 1 4686.7815273469196 6639.4751599513402
 1 306 1 6786.5737865951296 4412.1938807299402
 1 307 1 6246.4452112173603 6101.2621125997002
 1 308 1 6632.6050049689902 5373.0540731143801
 1 309 1 5499.95953494695 4674.3604598980701
 1 310 1 5018.2310770721397 4649.0285402959498
 1 311 1 7177.2363463011397 5052.3474371841403
 1 312 1 6694.7699860664297 6003.51756186681
 1 313 1 6387.3115347742196 5595.0147910341602
 1 314 1 5860.6724401865104 4721.9978045299504
 1 315 1 5355.9855660065596 6108.5926089597097
 1 316 1 7076.3500640066804 5245.6255426593798
 1 317 1 6500.75087289769 6112.35221850378
 1 318 1 6684.2762365543504 5327.8231036847301
 1 319 1 5170.3154516205504 5271.53208643992
 1 320 1 5781.2425220610503 5870.8597976192996
 1 321 1 5001.7455655968897 4219.90494321399
 1 322 1 5310.5014800536901 5620.4234197679898
 1 323 1 5541.6500480751802 4969.8132827248201
 1 324 1 4789.7790602120604 5244.1533954865599
 1 325 1 6309.9122049846401 5438.4675801447702
 1 326 1 6842.2826687994802 4549.0528486518597
 1 327 1 6489.8550959163704 4598.2155165431504
 1 328 1 5084.3609398454901 4511.4473731048402
 1 329 1 7045.2875479244904 5321.4238248079901
 1 330 1 5146.9495712957096 4045.1451051782501
 1 331 1 5312.5592341101301 6562.6174435053799
 1 332 1 5759.4284719584402 4886.0814730949096
 1 333 1 5231.9631414217502 5833.1127295468896
 1 334 1 6036.8068943610697 5693.0592967070297
 1 335 1 5625.3190329696899 5308.11626138676
 1 336 1 5995.9893563635196 5460.3374096511097
 1 337 1 6663.8498939788997 4561.5695544258197
 1 338 1 7623.3736538767298 5079.4913911230897
 1 339 1 5384.0174729300697 6123.2056907706801
 1 340 1 6243.9133091925396 6167.0210405725302
 1 341 1 4356.6628176440599 5533.2912690233497
 1 342 1 4249.5922408939005 5905.5729149504496
 1 343 1 4725.71297860304 4422.2415353905299
 1 344 1 6451.5571912903697 5485.4778383959701
 1 345 1 6491.0133601801899 4425.5299854615196
 1 346 1 6448.4984673752997 5436.3277519176399
 1 347 1 6181.74492815338 5699.2614446732596
 1 348 1 6524.9443420411299 6629.4915296297004
 1 349 1 4839.1865677046098 4293.71992473926
 1 350 1 6410.3846711739798 4964.7486445096802
 1 351 1 6698.40442194563 4241.6929801869401
 1 352 1 5967.50993619571 5069.8477561924401
 1 353 1 5572.4695615626797 4319.9598676773503
 1 354 1 7530.3318605282002 5264.3203702195196
 1 355 1 6228.62834510023 4607.9721074577801
 1 356 1 5135.4225017366298 5926.2286819844403
 1 357 1 7754.1468728770396 5586.2058507371603
 1 358 1 4920.7272383464297 6156.3757830582199
 1 359 1 6753.6085014043601 6070.0545509753601
 1 360 1 6033.4046323686898 4331.8421666021704
 1 361 1 5451.9728971784898 6160.5825396740001
 1 362 1 5725.0561616272698 6238.2877246156904
 1 363 1 6605.1874018117096 5670.65796540065
 1 364 1 5990.2244194033401 6261.5331935180502
 1 365 1 6896.6902200840004 6416.8383483411899
 1 366 1 5072.4149821361298 4111.2223627433896
 1 367 1 7118.9771972417802 4717.6238027260997
 1 368 1 5091.7838081618002 4672.9291723021197
 1 369 1 6041.9320594266201 5933.3417208347601
 1 370 1 5102.9373285879401 4855.3362943305301
 1 371 1 6243.9159760970697 7808.2711089899203
 1 372 1 6116.6025305659396 5953.2544090756101
 1 373 1 6781.0325454959602 6104.0646416236996
 1 374 1 4221.0023568836896 5774.8395016630002
 1 375 1 4399.2175547635397 4097.8456944904901
 1 376 1 7257.4701569572999 4945.1204056261304
 1 377 1 7278.99119740061 5057.2214397456801
 1 378 1 5453.3371636967404 5110.7207898476299
 1 379 1 6192.6653035785303 6776.1935177403502
 1 380 1 5126.6604513279999 4859.1120233235597
 1 381 1 6187.4030219374099 4041.5969615602098
 1 382 1 7199.3519045414296 6660.77532880115
 1 383 1 6210.6655513708401 5700.4917147750702
 1 384 1 6287.8508738684704 4001.7429829859302
 1 385 1 5776.5903381774897 5598.1964617242202
 1 386 1 6511.7886469913701 4925.8254110407297
 1 387 1 6160.5246546623302 6840.6002716860703
 1 388 1 4481.2595292278202 5633.7397947803101
 1 389 1 4541.4463913034497 4585.4851525697404
 1 390 1 6077.7627468271103 6899.1991093271199
 1 391 1 6023.1064244260497 5401.9373662900298
 1 392 1 6714.2798223654399 5433.6949360009103
 1 393 1 6368.2704370520996 4193.8926922993896
 1 394 1 4893.1083769984498 5518.6706220910501
 1 395 1 6171.4075752977296 5280.1312607638702
 1 396 1 5644.5951771229502 5523.4570717174201
 1 397 1 6746.8648244073202 5751.5220193167197
 1 398 1 5564.5619686272003 4947.9087151696303
 1 399 1 6370.5669800670703 4027.3467176416798
 1 400 1 6138.8433419514004 4586.2653636678597
 1 401 1 7317.8976477245596 5739.2732450146204
 1 402 1 5486.2409090373603 4013.2439911409501
 1 403 1 6569.1532130382302 5001.2606858233603
 1 404 1 6467.4676346891601 4344.0825804942597
 1 405 1 5577.9476660537903 5534.6606820462903
 1 406 1 6319.69265491639 5791.8462250687098
 1 407 1 6221.2975287260497 4996.3860658528702
 1 408 1 4846.16875515431 5208.8107822987204
 1 409 1 5002.20365696115 4994.9486423626404
 1 410 1 6671.6332723058904 4174.6880232646199
 1 411 1 4728.04901075822 4525.9844926784499
 1 412 1 6993.3720296154197 5561.7715412671996
 1 413 1 5196.0973250720799 6300.2074147389303
 1 414 1 6854.9027093971199 5039.9633310054496
 1 415 1 6121.7251626068501 4108.5711155393301
 1 416 1 4932.4448665360296 4949.49130133377
 1 417 1 5897.4159349475103 7005.2157456310397
 1 418 1 5007.52910501937 4358.4065269367602
 1 419 1 6350.3464592230002 5491.4213354243802
 1 420 1 6696.3109629753999 4229.8427969490904
 1 421 1 7069.4985380894996 4340.6826113735497
 1 422 1 5386.0055021476101 4803.58403308792
 1 423 1 6630.2856989269703 5690.7158751121497
 1 424 1 6260.8204497944598 4168.5463445640999
 1 425 1 7163.3783547703697 5317.9005976746002
 1 426 1 6521.3687538864197 5284.3831732337303
 1 427 1 5842.1038518565001 6185.5741266385703
 1 428 1 6377.9351228587502 6309.2886846309502
 1 429 1 4898.4810559739799 6056.0651042926802
 1 430 1 5836.8387524918498 4894.7360665384704
 1 431 1 7121.9642553588001 5969.9249273298201
 1 432 1 6140.9373037379301 4706.2460692418999
 1 433 1 5132.7348133082696 4891.2212953429898
 1 434 1 6736.0748905939899 4006.1140374245301
 1 435 1 4622.3776083881103 4050.8426424976901
 1 436 1 6261.19360439913 4070.5450270971201
 1 437 1 6102.5539657910103 6677.3673177290502
 1 438 1 4639.1756740595201 7028.3591435046001
 1 439 1 6030.7102068558597 4614.9493585011296
 1 440 1 5298.1766036832396 5901.5760368319197
 1 441 1 5361.5624499421701 5314.7810362007403
 1 442 1 4752.8929054372802 6393.8467276494603
 1 443 1 7415.6016561873603 4793.9773524938701
 1 444 1 4076.3378756740899 4171.0660055651897
 1 445 1 5502.2474508441901 5158.03025539794
 1 446 1 4946.5146086358 7236.7134263745902
 1 447 1 5722.1904327251896 4651.1050894312102
 1 448 1 6999.0194927172597 5296.2754353680502
 1 449 1 4813.1723776110102 6023.02832051936
 1 450 1 5544.3089970504698 6746.7674197782198
 1 451 1 6229.2207403612201 7552.5569511796102
 1 452 1 5224.9635937063204 4249.8296111305799
 1 453 1 5180.2222708557301 4953.1184429784698
 1 454 1 5670.01755578747 4898.5714457922504
 1 455 1 6894.2407783143399 5327.0175091131696
 1 456 1 5338.1286552040601 5290.9997633631301
 1 457 1 6881.8137377131698 6126.5607287247003
 1 458 1 4174.7783055618102 4428.0393993657099
 1 459 1 6556.2906178688499 4922.6811746459698
 1 460 1 5093.16415289424 4696.8341897202299
 1 461 1 6159.3951622240102 4190.9697376001704
 1 462 1 4949.4347220385598 4631.7067558066001
 1 463 1 6599.8454372971801 6259.5302342434397
 1 464 1 7518.6460821001001 4682.93083621817
 1 465 1 4864.97692346033 6505.0695776119201
 1 466 1 5857.3698386571996 4474.52224761461
 1 467 1 6691.75048843888 4296.3765454703098
 1 468 1 6582.0054876063195 6088.3186276830302
 1 469 1 4870.8309172339405 4494.5918615821902
 1 470 1 7128.3118064819901 5666.45797490319
 1 471 1 5179.1058171354898 6297.2315798679701
 1 472 1 4468.1968824817704 6753.8162444575601
 1 473 1 6180.6011997329597 5442.90587820787
 1 474 1 6517.2726553544899 4502.6784762587004
 1 475 1 7133.4901826667501 6932.54387815058
 1 476 1 5633.4257642021803 6780.2082516581204
 1 477 1 6655.6844740480701 4710.5342852140102
 1 478 1 5179.6076671268902 4254.2801550394697
 1 479 1 6539.0270897269702 4508.9152004114903
 1 480 1 6334.9842026861097 6088.5140149122899
 1 481 1 5744.4744056906102 5346.3415346769698
 1 482 1 5941.2724121424799 7015.5544914301499
 1 483 1 6277.3624399914797 6005.8196487512196
 1 484 1 6217.8031874677399 5319.2251772154304
 1 485 1 5431.8988189707998 4860.7483800806704
 1 486 1 5786.7936757553198 6018.9501747636596
 1 487 1 5060.5858263126202 4981.6358047480899
 1 488 1 6114.5217938286996 5806.9095615077404
 1 489 1 5612.8145321485899 4813.6191902764504
 1 490 1 5553.8981302280499 4337.5643223356701
 1 491 1 6085.1396866971299 4687.4455241589003
 1 492 1 6723.9844194719699 5270.4941862576597
 1 493 1 5779.7243844584 5200.6484267887699
 1 494 1 5625.0327798560602 4476.5911710706996
 1 495 1 5868.5707473672901 5226.5499621810604
 1 496 1 6357.1730980694801 6511.4490188619402
 1 497 1 5660.4010199206195 4729.6778584968397
 1 498 1 6857.7655625757698 6445.3300531974201
 1 499 1 6548.4094540832903 5324.7834635526597
 1 500 1 7313.6009664448302 5169.2705978166696
 1 501 1 5198.6698126735801 6490.0505309365599
 1 502 1 6786.1010958774596 5786.2120348018198
 1 503 1 6598.70332528974 6052.6305057417203
 1 504 1 6480.3808467220397 4833.4124589392304
 1 505 1 5257.6768724696703 4990.7040691187103
 1 506 1 7437.5038165695696 4380.49056240137
 1 507 1 5253.0076609602802 4236.3218324145
 1 508 1 5175.8314664750797 5200.0798705794496
 1 509 1 6476.7105785159101 4543.7731360835196
 1 510 1 6516.3464080645299 6258.9125644630303
 1 511 1 7707.4214654424704 6141.2708698595197
 1 512 1 5196.3746400133195 6221.3413505285998
 1 513 1 6024.7270351545403 4792.7035135883198
 1 514 1 6221.5188622900396 4612.1990171285297
 1 515 1 7459.9417175563603 6066.0141837400697
 1 516 1 5814.5541397387697 4772.9858255498502
 1 517 1 6048.5806920565301 5175.9763286726202
 1 518 1 5330.9428053195898 5314.8406679315603
 1 519 1 6316.1253139108603 5395.2843704080396
 1 520 1 7133.86187680692 6301.5689067188596
 1 521 1 4966.2261422742604 5134.1641206395898
 1 522 1 5580.5313656347098 7060.81029818158
 1 523 1 5683.1037813513703 4264.4478483844996
 1 524 1 5834.4265472791603 4076.6146008046699
 1 525 1 5676.3160370774203 5964.4074893432298
 1 526 1 5768.5147591526702 4661.9744454055299
 1 527 1 4857.6809597255196 6460.1158345244103
 1 528 1 5241.0962005645697 4776.2329437805602
 1 529 1 4080.26885632937 6629.4118971902899
 1 530 1 6544.0926137397 5022.7219216489302
 1 531 1 4716.6980210623296 6122.0624540245199
 1 532 1 5788.8101098837797 4531.6804289755501
 1 533 1 6065.3004801587504 7038.2652963867304
 1 534 1 5875.5049340700498 5250.0692090067596
 1 535 1 7002.7890615363403 4521.1098838766402
 1 536 1 5442.0243669220499 5178.9044311488797
 1 537 1 4320.13960953271 7419.1416924435098
 1 538 1 5255.1271268411901 4301.8688928234396
 1 539 1 5997.6165765748401 4310.3240296337199
 1 540 1 5088.35723428046 4745.0706448891196
 1 541 1 6239.8925467720501 5019.3241455934103
 1 542 1 7179.4977549712003 5538.3785475776904
 1 543 1 5993.2853508612197 6015.5537196270097
 1 544 1 6530.8885333684902 6835.3218472247299
 1 545 1 5547.1493784385702 5909.6997459740196
 1 546 1 5164.5147550443899 4247.3287997096104
 1 547 1 4773.28333151268 4452.4754344537996
 1 548 1 6410.5167453751701 4290.67073198038
 1 549 1 6222.4992378509796 5258.2753857901198
 1 550 1 6492.4879148558603 4748.4368948834899
 1 551 1 5482.9667799456502 6502.0661842230502
 1 552 1 7595.5503176026295 6271.4390524625696
 1 553 1 5598.1011307932904 6149.6884443250501
 1 554 1 6437.5068670288501 6249.5015119666596
 1 555 1 6313.5815715487797 6278.2761391490403
 1 556 1 6124.8939514245503 7137.7214965330904
 1 557 1 6822.81201289823 7124.3072941556202
 1 558 1 4385.2927435475804 4558.2845511536898
 1 559 1 6709.8996652256801 4138.4523523886
 1 560 1 5593.8803610167797 5018.2762518174104
 1 561 1 5814.71883217085 4436.80151306066
 1 562 1 5095.6015856952599 4688.7631953089704
 1 563 1 5253.2888425087103 4810.6614914335996
 1 564 1 6816.6865050914703 5076.0439405910502
 1 565 1 5097.8388238978196 4691.0038404808101
 1 566 1 7549.4726282133697 6495.7365623473997
 1 567 1 6212.1397484770996 4703.2727546604701
 1 568 1 7281.1628575292798 4878.1015758351896
 1 569 1 5566.3087200715599 4501.9709764202898
 1 570 1 7435.9111711099904 5480.3495757872997
 1 571 1 5505.7068225471303 5880.3364702885901
 1 572 1 5182.4749806510599 5228.5603737338797
 1 573 1 5375.5150722627204 5979.4594474163196
 1 574 1 5580.9939078579901 4666.8140297751797
 1 575 1 5648.9299998352699 4565.4228129786097
 1 576 1 6915.0074636037298 5622.0302253374002
 1 577 1 7312.8509205085802 4549.4425218103897
 1 578 1 6624.5342127093299 4718.6649991438399
 1 579 1 5565.2363133592999 4281.0721374183604
 1 580 1 6699.6046179301902 5542.8096459610497
 1 581 1 4666.64316375009 6374.5415078848901
 1 582 1 6110.60663985663 4303.4585122634098
 1 583 1 6131.64868333715 4404.6211360147299
 1 584 1 6625.0025741301697 5720.4199486759999
 1 585 1 5959.5349687719499 5207.0734100729296
 1 586 1 5803.98796085093 5165.0672635213596
 1 587 1 5652.6265175498602 5723.2608871263201
 1 588 1 4987.1434407537099 5480.9620860040504
 1 589 1 6620.8768677112103 7356.1896374670196
 1 590 1 6577.2979948123502 4682.8907127366001
 1 591 1 7392.5313500540597 5086.8893574159802
 1 592 1 5853.81557900598 4265.8517202129997
 1 593 1 7407.2185068285598 4269.9888739634598
 1 594 1 6112.2976345909801 5247.2891189408301
 1 595 1 5542.8875177712498 4209.4314234315598
 1 596 1 6505.0310678549004 4040.5486589435
 1 597 1 6360.6170603856999 4795.0794519831798
 1 598 1 6261.4070573685403 4894.3558645617304
 1 599 1 7620.2007862282899 4993.6819305264398
 1 600 1 6772.6458454458798 5091.4599316163303
 1 601 1 6321.6056660792201 6411.3955245003699
 1 602 1 5500.2611657937996 4166.9163043579101
 1 603 1 6253.1498881699599 4049.6996586716
 1 604 1 6317.5625581242602 5407.49926972512
 1 605 1 7062.8240257938296 4168.0189223317602
 1 606 1 5712.3488936857002 6398.4607710330301
 1 607 1 6324.8389008137701 4879.2215254011899
 1 608 1 4659.2327790135496 4970.17377781916
 1 609 1 6125.0792625583199 7078.4434754941603
 1 610 1 6559.2026603050199 4727.9648112254599
 1 611 1 5071.07377633532 4825.6265460424402
 1 612 1 7211.9182853157399 4213.6277748910798
 1 613 1 6344.1679814688296 5462.4900254389304
 1 614 1 6195.4548120011304 4703.47963698481
 1 615 1 6759.0143367262899 4882.8245470875499
 1 616 1 7741.2834419138599 4952.7389915379699
 1 617 1 6719.9266272987297 4577.1774096871904
 1 618 1 5460.2855186897896 5077.5935129805102
 1 619 1 6779.11628308127 4042.1901977473699
 1 620 1 6023.91636536236 4142.7523483458499
 1 621 1 5759.6931290157499 5691.4112538915797
 1 622 1 5331.9318808449898 4454.1504865610596
 1 623 1 6178.0012840765803 6575.0845612038502
 1 624 1 5924.7144694870403 5161.4986055279996
 1 625 1 5352.9331901973301 4806.0832070344804
 1 626 1 5524.7626937569203 5796.9602898457497
 1 627 1 5679.1261390545096 4888.2155883734104
 1 628 1 6022.5172703233802 6442.4691613852701
 1 629 1 5549.3608183360202 5689.1533224462801
 1 630 1 6254.4633376071097 5212.7921009383999
 1 631 1 5409.2664979471501 5340.0955168547398
 1 632 1 6741.3921195553603 7062.2680846793601
 1 633 1 5143.5997809786504 6451.0883161379998
 1 634 1 4104.6438128972604 5744.3812708961996
 1 635 1 5195.4274408251804 4587.4542924925199
 1 636 1 4111.2514057314402 4235.9943610477003
 1 637 1 4934.4010643602696 4206.9749058853804
 1 638 1 5796.38203180442 5182.8595033647698
 1 639 1 6296.94561742116 5477.4737888192003
 1 640 1 6941.0536163390898 5165.6162006377099
 1 641 1 6803.5070099280101 5676.5783251419598
 1 642 1 5432.4325271960997 6505.8315175364096
 1 643 1 4587.8585567713399 5865.4377315747597
 1 644 1 6073.2212794917996 6681.9597872214799
 1 645 1 5691.5631541948997 4451.7654101664202
 1 646 1 5429.6097172270802 6484.2652541493999
 1 647 1 6806.5455326085703 5241.0044933992103
 1 648 1 5713.7753038625597 4677.3621798942204
 1 649 1 5503.8885183571401 5629.1872629873997
 1 650 1 5843.0582677136399 5360.9762466014799
 1 651 1 5115.2602009972097 5733.8873330494498
 1 652 1 7909.2722851019998 4903.96325124963
 1 653 1 5438.5835586332996 4533.2797822068596
 1 654 1 6138.6796004677999 6337.5703567331502
 1 655 1 4881.42851990078 6203.8035877268903
 1 656 1 4938.1762681123701 4593.0621595600896
 1 657 1 6083.4758266672397 7653.6492999397196
 1 658 1 6538.9551305449904 6314.6075895673102
 1 659 1 5450.3085228805003 6105.1819590403202
 1 660 1 5866.34890305714 5849.8722995949702
 1 661 1 5119.6097584425797 5677.3195724328798
 1 662 1 6182.9482405485396 5348.99045713132
 1 663 1 4901.75456161491 5317.3647739643502
 1 664 1 5828.6643605068703 5255.7303788550598
 1 665 1 5185.6392050491004 4276.6940812914299
 1 666 1 5166.6371753764897 5624.9552331996401
 1 667 1 4877.3337066435197 5810.7417377879101
 1 668 1 6013.8716470088102 6769.4173233678202
 1 669 1 6557.3709744135704 5181.2070236477603
 1 670 1 5627.2737939889303 5311.8439892413098
 1 671 1 7060.0010696414902 6304.0959957943296
 1 672 1 5555.2655869515602 5538.6777403788201
 1 673 1 5548.92413338396 4001.28992824227
 1 674 1 4783.7687946762599 5939.7674596766001
 1 675 1 5278.6910858351102 4348.3264491296804
 1 676 1 5799.59167949936 4552.57958215909
 1 677 1 6810.4767349041804 4344.30303626148
 1 678 1 5913.5749866527703 4074.9153274945602
 1 679 1 5999.5785842140504 4274.0168876521702
 1 680 1 5805.4458508142698 5852.5821753186601
 1 681 1 5786.7244304051301 6294.2363253114399
 1 682 1 6570.0975959097505 6949.8504091945497
 1 683 1 5518.7185918548603 5293.7824741388104
 1 684 1 5243.7432270685204 5503.9966450367701
 1 685 1 6571.6347066485496 5195.7239764460601
 1 686 1 5074.5995905252203 4733.7745791419802
 1 687 1 5515.1062114222896 6541.2853798555498
 1 688 1 6739.9545564013197 4478.7328897523303
 1 689 1 5575.5630745424296 4566.19729143103
 1 690 1 5233.3383890712303 4395.1476258233597
 1 691 1 6382.1345552386802 4157.0895282210604
 1 692 1 5323.45544311906 6016.7793446676997
 1 693 1 6129.2435301334299 5336.6542343130805
 1 694 1 6832.5890945076599 5631.0999848711399
 1 695 1 5509.6503185482197 5173.4962168053298
 1 696 1 5521.7810681176497 5128.5688904394801
 1 697 1 5474.0793842567 4287.2880241605799
 1 698 1 4124.9774054586096 4222.2597204201702
 1 699 1 6323.8841078963897 5267.72672127239
 1 700 1 5954.6734574171796 5207.7935662694999
 1 701 1 6567.0896318991599 4799.0559095496801
 1 702 1 6082.0076666617297 5083.8743148777703
 1 703 1 5627.2602864787495 7048.87579960108
 1 704 1 6557.7155547174998 4093.2471272302901
 1 705 1 6367.2884832398804 5874.8600580794
 1 706 1 5758.0177450792598 4506.36486491508
 1 707 1 6474.2513959136304 4582.6416475504102
 1 708 1 5311.8993695381196 4245.77555798925
 1 709 1 5022.3854035582199 6791.4673568865001
 1 710 1 4480.49971162156 5767.5187609568502
 1 711 1 5525.7190768505698 4712.7624146804001
 1 712 1 4860.1260842382599 5766.3571698002297
 1 713 1 5575.0312602572803 6213.4588031643598
 1 714 1 5398.3773561121297 5682.5502181813099
 1 715 1 5648.4441617135999 7190.2748208562198
 1 716 1 5729.6562221683598 5099.30875739166
 1 717 1 6669.3125215938799 4513.60884711988
 1 718 1 6218.7243382905499 5940.90044363368
 1 719 1 4873.7812856618502 4136.7774099526896
 1 720 1 7275.0957035205702 5222.27274544796
 1 721 1 6823.4748268482199 4073.6067898914998
 1 722 1 7334.3801494480404 5217.3985869240696
 1 723 1 5680.2678575218197 4402.6454333458296
 1 724 1 7680.37920457984 5454.2795337402604
 1 725 1 7142.3947638993604 5345.7630608150102
 1 726 1 5732.8159258270998 5087.9457521240902
 1 727 1 7237.3434669091503 5021.2630428843904
 1 728 1 5695.4447458064597 7075.1871041443501
 1 729 1 5874.0758809409799 5629.1992866046403
 1 730 1 6510.47791600241 5202.8234955244598
 1 731 1 6606.7004409350202 4048.7208368477
 1 732 1 4708.57547691122 5261.46685158542
 1 733 1 6620.1867190787498 5276.9003783313701
 1 734 1 5402.3755490324302 4411.1108809489997
 1 735 1 5890.2561696708599 4035.0908049160198
 1 736 1 6367.8312898700697 5351.0480785398404
 1 737 1 5344.4308726225299 5554.3696407688303
 1 738 1 6468.27497109451 6661.0116966768801
 1 739 1 4553.7468472091996 4813.5059606496097
 1 740 1 5568.6184125386499 4416.3654378070996
 1 741 1 6164.16014608364 4784.3791412925302
 1 742 1 5683.3424534935803 4460.5508150702699
 1 743 1 6079.2621641966798 6800.8055309461997
 1 744 1 7358.54249215031 5809.1786340116296
 1 745 1 5541.1651283211604 5088.6921179469
 1 746 1 5423.7929816846699 4151.3431249047098
 1 747 1 5761.9621612581705 4919.4122973211397
 1 748 1 6211.5152042647396 6599.53447593486
 1 749 1 6714.0444110901399 4674.8182783785896
 1 750 1 5703.0358424687602 5139.9091073827603
 1 751 1 5231.1657930008896 4380.3260821198201
 1 752 1 6482.0836907556104 4095.2502175069999
 1 753 1 6148.4525761770801 4507.4644507876601
 1 754 1 6920.2064404228904 4837.7310337871904
 1 755 1 4924.4737737352798 5174.4777139467897
 1 756 1 6619.24837577979 4531.2136112326898
 1 757 1 6356.2502976101596 5153.0293535737601
 1 758 1 6408.1510361458804 4387.1845361279902
 1 759 1 4283.1045885946396 5743.4982348222302
 1 760 1 7193.7564777320504 4468.8613317613799
 1 761 1 5175.6828109691496 4810.2200171255599
 1 762 1 4791.9941320908201 5135.9269756765998
 1 763 1 6971.4861644543998 4805.3254140792596
 1 764 1 5663.5115621779696 5247.9469154339204
 1 765 1 5765.7751702499199 5274.1475156255901
 1 766 1 6310.7340230365198 5359.9261833097999
 1 767 1 4908.7865383212502 7334.1239611628098
 1 768 1 6477.4527173004599 4841.5344875368801
 1 769 1 5592.97383627606 4112.8702965101102
 1 770 1 5569.2099670022499 5142.8885701356503
 1 771 1 5291.2751725840599 5159.8484297145797
 1 772 1 5700.3029067819298 4837.6809668014903
 1 773 1 5594.2002477450496 5991.9969731881201
 1 774 1 7651.5649000352396 5695.3470810386998
 1 775 1 5694.6449935053697 6140.3102794779397
 1 776 1 6634.6433769873802 4477.9607529326204
 1 777 1 6101.5224976934696 6067.9978395128301
 1 778 1 5447.9949584260803 5667.5253742704599
 1 779 1 6998.9662753222401 4080.6640765023999
 1 780 1 6317.7796444123696 4585.6397241935001
 1 781 1 6124.7634872728404 6063.4300882138696
 1 782 1 6602.7022784619303 5444.3052391470601
 1 783 1 5821.4243018643101 6633.8893793877296
 1 784 1 6323.3082143788197 4597.6939756863703
 1 785 1 5785.4666982993203 4418.7890556306002
 1 786 1 7009.8380721459198 4776.3741336636504
 1 787 1 6236.42749027429 5327.9924979503403
 1 788 1 6732.8952774921399 4577.05278666902
 1 789 1 6304.1917361448704 5359.9557771099298
 1 790 1 5295.7879836517604 4398.62200013039
 1 791 1 6410.3444604194901 4934.1109646491504
 1 792 1 5429.4812882634496 7006.0094171745704
 1 793 1 5468.4382793204804 4571.6219045258404
 1 794 1 5052.8254422947703 5802.7732877184599
 1 795 1 5084.3097182446099 5904.6957612557899
 1 796 1 6138.9877918399097 4905.5651077205002
 1 797 1 4983.7217108495297 5512.7769519149797
 1 798 1 5943.3390145971598 5679.1275217081202
 1 799 1 5452.2855116956798 5366.7550402118704
 1 800 1 5886.1862104456104 5134.0592944413002
 1 801 1 5737.9305646953899 4322.27296098636
 1 802 1 5772.5342982872498 4227.2156860302202
 1 803 1 5238.36098007481 5590.6668544000404
 1 804 1 7028.4778771191304 5901.0505647669397
 1 805 1 5463.8686486152301 4570.3228640073903
 1 806 1 5522.2252526924703 4903.8177212690898
 1 807 1 5566.61557182857 7809.8254675565804
 1 808 1 6195.28973145703 4902.2228753498002
 1 809 1 6436.8616637423202 5183.2372779632396
 1 810 1 6424.7615916413097 5109.7356112601201
 1 811 1 5683.8183129323097 4781.2758701974099
 1 812 1 5142.6195739836803 6462.3859267179896
 1 813 1 6595.5401918149601 4989.9457906294301
 1 814 1 4896.669058038 5558.5649706722397
 1 815 1 6561.6764988107197 4182.7498600306099
 1 816 1 5729.9296164494399 5665.3350248935603
 1 817 1 6592.9227587063897 5402.6395597397304
 1 818 1 6810.2199682005003 5191.0883915960703
 1 819 1 5826.0369374157999 4456.7408668589896
 1 820 1 5905.4816687013999 5902.8844834299098
 1 821 1 5694.8813563713202 5027.5877259592598
 1 822 1 5196.7901097101703 6036.8541355784801
 1 823 1 7440.96684104633 5064.8891722224498
 1 824 1 4943.8006769816802 5432.72245678526
 1 825 1 5180.6175374279001 4370.1239793693803
 1 826 1 6143.6727607031298 4426.88357206405
 1 827 1 5885.22774459436 5426.9957562863501
 1 828 1 6686.1877206335403 6745.4304214143704
 1 829 1 5548.2738681702303 5414.4747484893496
 1 830 1 7323.9235626377304 5743.42553590236
 1 831 1 6230.7489951165699 5011.9814851459696
 1 832 1 6174.9498934331295 5495.1188105668598
 1 833 1 6783.09828649878 5322.3435240667304
 1 834 1 5520.0416353987703 5407.8552352966299
 1 835 1 5000.6359903368602 5032.1499219016496
 1 836 1 4964.09602398487 6219.3574067401496
 1 837 1 5878.5364658276603 5304.3002964611096
 1 838 1 5806.8370608390596 4310.3966146824396
 1 839 1 6412.6940873514804 4905.0250055874203
 1 840 1 5301.7605184998702 4901.4143936739902
 1 841 1 6148.5542771030896 5583.0366951339001
 1 842 1 5859.0083144149403 4109.8529057596397
 1 843 1 5658.3269142998997 6052.8329589388804
 1 844 1 5255.2187444994797 5306.1339615270099
 1 845 1 6005.2169932442503 4898.6462228220598
 1 846 1 5454.0627519338996 4391.6456325714698
 1 847 1 5738.5895870979502 7430.1680620320803
 1 848 1 6679.11375429894 6026.5485381172202
 1 849 1 6789.2551717491297 4478.7437336274897
 1 850 1 5420.5091467272196 4983.12205765822
 1 851 1 4980.72779815784 5532.9813244428497
 1 852 1 6241.4169877527502 4269.5978351904496
 1 853 1 5807.0809963320698 4042.2580582354499
 1 854 1 5546.0279869677697 5175.8784992883702
 1 855 1 6610.8597993819203 4373.8441320219799
 1 856 1 5903.1526832282798 5376.7856460298899
 1 857 1 5472.5642631861701 4986.9965635809203
 1 858 1 6490.7848240941103 5500.9836113831198
 1 859 1 4609.1750934045203 4948.1987678754504
 1 860 1 7388.1609351188199 5109.8520516537201
 1 861 1 7299.2836272391096 4944.6114760070795
 1 862 1 5988.6111713707096 4474.1694165895096
 1 863 1 5244.3298580605397 4247.7474505304399
 1 864 1 5686.8890097043704 5900.6992993231897
 1 865 1 5711.0126464014902 4422.9041706569396
 1 866 1 6297.1871185947803 5380.2977382447498
 1 867 1 7583.0690512758301 5441.6953561453302
 1 868 1 5892.0235149645896 4743.5572950224296
 1 869 1 7052.0871354438996 7642.2749382645397
 1 870 1 6843.7052490595497 4282.88726092244
 1 871 1 5632.07178708425 5516.6477689008998
 1 872 1 5908.66025115926 4040.4401883957898
 1 873 1 6010.3098530713396 5984.9244362296204
 1 874 1 5566.7200992313501 5093.30759154729
 1 875 1 5280.8643440933301 6820.4859062942696
 1 876 1 5496.4343150922105 6780.7518993078602
 1 877 1 7012.39047404341 5780.6399764160797
 1 878 1 5757.28711214532 4678.1769762680196
 1 879 1 6337.2766993790301 5219.3653912467698
 1 880 1 5146.3264220793899 4716.0256865362899
 1 881 1 6069.3931550027401 5630.4452702106801
 1 882 1 5917.8798394600599 4522.2889127136305
 1 883 1 6198.8009714507698 6209.0395989277004
 1 884 1 5999.1927838143101 4377.4702291516196
 1 885 1 6330.41356300403 4030.19692488485
 1 886 1 6474.5275891573001 4432.7654485419498
 1 887 1 5605.7134126401597 6382.6608365821703
 1 888 1 5762.7374345058997 4180.35652619333
 1 889 1 5423.1592436375204 5000.1400819236997
 1 890 1 5925.0170969378896 5584.8814835113299
 1 891 1 6386.3948424636701 6587.2439388416997
 1 892 1 5977.6401671859803 4896.6046749111401
 1 893 1 5970.6853073758903 4095.6386138911498
 1 894 1 5861.6970124708796 5432.2487609623104
 1 895 1 4785.3740711467399 4697.3664577212303
 1 896 1 4963.7234728049898 4989.4270871219596
 1 897 1 6269.1618106548904 4786.6063535311296
 1 898 1 4928.9825381516403 6459.7401408728801
 1 899 1 5816.8471701222097 4440.3536437766197
 1 900 1 5387.1430776226098 4185.0920832576603
 1 901 1 7731.7028807642801 5226.7410371674396
 1 902 1 7346.2163145308996 6450.62856225621
 1 903 1 4981.8361403044701 4898.1729559785999
 1 904 1 6746.81284125005 6251.5237363649903
 1 905 1 6636.2282657341302 5631.1524065978501
 1 906 1 5536.8234269499699 4797.9709875192002
 1 907 1 5713.0270591826902 4718.3379094633601
 1 908 1 5304.9803230152702 4206.2063094497098
 1 909 1 6384.3105322853198 4989.3296712606198
 1 910 1 5124.4946735249096 4219.8974440714701
 1 911 1 7309.8658436020796 4991.7273665082703
 1 912 1 6375.47256262059 5703.0650518419998
 1 913 1 6361.7080932807803 5240.79491620306
 1 914 1 6276.2036761399804 4833.9614320863402
 1 915 1 6052.8881881575098 5173.0357704271801
 1 916 1 7059.3286950498996 4186.9090326369897
 1 917 1 5909.5220262175699 5657.2654940577804
 1 918 1 6059.1250397549302 4450.4120795890703
 1 919 1 6866.9194450590103 5124.1235771800002
 1 920 1 5278.7689246988602 5277.5978671734501
 1 921 1 4584.6392195648696 5867.8366018832503
 1 922 1 6274.3522564658197 5823.1967182580202
 1 923 1 5729.2617527143002 4089.5544513520599
 1 924 1 6848.8630649914503 5484.7029585689397
 1 925 1 5815.88059343861 4353.6612768691402
 1 926 1 5071.5803356263204 4449.9733250978097
 1 927 1 4887.8272079890703 4874.8756044386
 1 928 1 6271.7059997399001 5325.5210586836001
 1 929 1 6990.0821048036196 5289.3246169190097
 1 930 1 6557.7058321183404 5773.9386566211997
 1 931 1 7157.3297818125802 6076.2632578786397
 1 932 1 6092.8988123183199 4915.7634709263502
 1 933 1 6103.5234035827398 5358.4952150884201
 1 934 1 7117.22625297376 4749.4540461966199
 1 935 1 5151.2112163110496 5355.4023166555899
 1 936 1 5496.8828105508401 5587.5192690327203
 1 937 1 6072.1198998790596 5763.1177181224703
 1 938 1 5746.0525541636698 7025.4688739622497
 1 939 1 5677.9726143297303 6990.2793962853002
 1 940 1 5560.9402117878799 5630.0448242512703
 1 941 1 4289.3976115149699 4441.5060609424199
 1 942 1 5490.4562227779197 4584.6487588645396
 1 943 1 5437.4675725940397 6752.4429822995999
 1 944 1 6909.8371986212096 4687.6510541246298
 1 945 1 7030.8967093885904 5283.1868773758797
 1 946 1 5512.8351027424796 5177.6454776693699
 1 947 1 6085.0259654559204 4166.0721888272601
 1 948 1 7365.8006115060398 5570.4709233555704
 1 949 1 6530.2231390652096 6545.3431034310497
 1 950 1 5079.8338136416596 6088.98891455387
 1 951 1 6648.3088039471504 4701.22439239702
 1 952 1 6307.5505735744 6880.8794492326397
 1 953 1 5146.5953428003404 5349.2306774033304
 1 954 1 5599.40317395289 5081.53074819828
 1 955 1 5104.7576137187498 5607.6820256906303
 1 956 1 6385.8556384678895 5374.2257933086303
 1 957 1 5818.3282228698899 4119.4557891130798
 1 958 1 6536.1059049600399 6087.4060634594598
 1 959 1 6600.0215391754 5244.1158106068497
 1 960 1 6432.1956475506104 7540.6947604570796
 1 961 1 5503.2788441541297 4738.2121158405498
 1 962 1 6720.8404828045004 5384.0745827259498
 1 963 1 4697.4911424904903 4565.9961115436899
 1 964 1 6840.2483820534899 5366.8380480123997
 1 965 1 5815.4968042608598 6242.4344303759799
 1 966 1 6815.4421389409099 4688.7026067365096
 1 967 1 4256.8896865862098 5630.18325704791
 1 968 1 6886.2585544746698 5258.7043657501999
 1 969 1 5546.80899584501 5807.9688303249004
 1 970 1 5699.1145137828598 5583.7136648806199
 1 971 1 6331.22328517387 7663.3104747011103
 1 972 1 6593.8502877884703 5282.9851879411199
 1 973 1 5543.75335232419 4573.3632698952797
 1 974 1 5453.7025101625604 5454.0057293857199
 1 975 1 7590.0884354955197 4391.14029534359
 1 976 1 5258.8792690475702 6401.7452530434302
 1 977 1 6271.52370666774 4143.2453179199902
 1 978 1 6323.7835962530598 5992.2566137841604
 1 979 1 5742.6315924722803 4453.8889327082998
 1 980 1 5291.0217536816599 5370.0726736132501
 1 981 1 5526.6517463809796 5457.9382154970899
 1 982 1 7109.2562191212701 4236.3476330491803
 1 983 1 5722.0425499830999 4441.8768400728504
 1 984 1 5373.4705123871399 4425.0550695001803
 1 985 1 5251.4312623468104 5097.1103052304697
 1 986 1 7252.5175236069499 6006.1292990348902
 1 987 1 5151.1149709370802 5168.2856034583901
 1 988 1 6507.3262325256801 6140.7424558411603
 1 989 1 5943.2818600355204 4860.7368331422203
 1 990 1 4966.2034467785197 4231.6612737303703
 1 991 1 5798.8297007616802 7125.9863400895802
 1 992 1 5628.5615844508202 6081.8364491552402
 1 993 1 7419.8143559427199 4568.8043155631203
 1 994 1 6608.0662972953896 6835.9837018867102
 1 995 1 6234.2442479872298 5172.3889028675303
 1 996 1 7326.5208593365596 4362.3771461222595
 1 997 1 5194.5513789572697 7391.0781934157803
 1 998 1 6449.6423004790504 5145.1880462424997
 1 999 1 6227.7451485613301 4902.5120538155697
 1 1000 1 5916.33307396078 5105.0972463672697


